# Creation date : 2011-07-01
# File contains 1-min averages of Surface Downwelling Shortwave (solar)
# and Longwave (infrared) irradiances measured at SIRTA.
# For information concerning those files, email:sirtascience@ipsl.polytechnique.fr
#
# numero de serie du pyrheliometre (K&Z CH1) : 060483
# numero de serie du pyranometre diffus (K&Z CM22) : 000023
# numero de serie du pyrgeometre (K&Z CGR4) : 090125
# numero de serie du pyranometre global (K&Z CMP22) : 060005
#
# 0 : Date Time (yyyy-mm-ddThh:mm:ssZ)
# 1 : Solar Zenith Angle (deg)
#
# 2, 3, 4, 5: 1-min average values
# 2 : Direct Solar Flux (W/m2)
# 3 : Diffuse Solar Flux (W/m2)
# 4 : Global Solar Flux (W/m2)
# 5 : Downwelling IR Flux (W/m2)
#
# 6, 7, 8, 9: 1-min minimum values
# 6 : Direct Solar Flux (W/m2)
# 7 : Diffuse Solar Flux (W/m2)
# 8 : Global Solar Flux (W/m2)
# 9 : Downwelling IR Flux (W/m2)
#
# 10, 11, 12, 13: 1-min maximum values
# 10 : Direct Solar Flux (W/m2)
# 11 : Diffuse Solar Flux (W/m2)
# 12 : Global Solar Flux (W/m2)
# 13 : Downwelling IR Flux (W/m2)
#
# 14, 15, 16, 17: 1-min standard deviation values
# 14 : Direct Solar Flux (W/m2)
# 15 : Diffuse Solar Flux (W/m2)
# 16 : Global Solar Flux (W/m2)
# 17 : Downwelling IR Flux (W/m2)
#
# 18 : number of observations per minute
# 19, 20, 21, 22: Quality flag (0: QC Ok, 1: exceptionally high or low value, 2: value outside physical bounds, 3: missing)
#
#         0                1       2       3       4       5       6       7       8       9       10      11      12      13      14      15      16      17   18   19 20 21 22
#
2011-07-01T00:00:00Z    90.000   -0.36   -1.46   -1.53  289.81   -0.49   -1.66   -1.68  289.80   -0.29   -1.44   -1.46  290.10    0.10    0.07    0.10    0.13  60    0  0  0  0
2011-07-01T00:01:00Z    90.000   -0.30   -1.45   -1.50  289.88   -0.49   -1.66   -1.68  289.80   -0.29   -1.44   -1.46  290.10    0.04    0.06    0.09    0.16  60    0  0  0  0
2011-07-01T00:02:00Z    90.000   -0.29   -1.45   -1.47  289.59   -0.29   -1.66   -1.68  289.54   -0.29   -1.44   -1.46  290.10    0.00    0.05    0.06    0.38  60    0  0  0  0
2011-07-01T00:03:00Z    90.000   -0.30   -1.44   -1.47  289.68   -0.49   -1.44   -1.68  289.54   -0.29   -1.44   -1.46  289.84    0.04    0.00    0.05    0.00  60    0  0  0  0
2011-07-01T00:04:00Z    90.000   -0.35   -1.44   -1.47  289.80   -0.49   -1.44   -1.68  289.57   -0.29   -1.44   -1.46  289.99    0.09    0.00    0.06    0.13  60    0  0  0  0
2011-07-01T00:05:00Z    90.000   -0.35   -1.44   -1.47  289.65   -0.49   -1.66   -1.68  289.57   -0.29   -1.44   -1.46  289.73    0.09    0.03    0.06    0.28  60    0  0  0  0
2011-07-01T00:06:00Z    90.000   -0.43   -1.44   -1.46  289.72   -0.49   -1.66   -1.46  289.57   -0.29   -1.44   -1.46  289.73    0.09    0.03    0.00    0.31  60    0  0  0  0
2011-07-01T00:07:00Z    90.000   -0.33   -1.44   -1.47  289.65   -0.49   -1.44   -1.68  289.47   -0.29   -1.44   -1.46  289.73    0.08    0.00    0.04    0.24  60    0  0  0  0
2011-07-01T00:08:00Z    90.000   -0.29   -1.44   -1.48  289.45   -0.49   -1.44   -1.68  289.31   -0.29   -1.44   -1.46  289.47    0.03    0.00    0.07    0.09  60    0  0  0  0
2011-07-01T00:09:00Z    90.000   -0.29   -1.44   -1.47  289.38   -0.29   -1.66   -1.68  289.31   -0.29   -1.44   -1.46  289.47    0.00    0.03    0.04    0.16  60    0  0  0  0
2011-07-01T00:10:00Z    90.000   -0.29   -1.44   -1.46  289.45   -0.49   -1.66   -1.68  289.31   -0.29   -1.44   -1.34  289.47    0.03    0.03    0.03    0.00  60    0  0  0  0
2011-07-01T00:11:00Z    90.000   -0.29   -1.44   -1.50  289.46   -0.29   -1.66   -1.68  289.20   -0.29   -1.44   -1.46  289.47    0.00    0.03    0.09    0.00  60    0  0  0  0
2011-07-01T00:12:00Z    90.000   -0.29   -1.45   -1.46  289.15   -0.49   -1.66   -1.68  289.05   -0.29   -1.44   -1.46  289.47    0.03    0.06    0.03    0.09  60    0  0  0  0
2011-07-01T00:13:00Z    90.000   -0.29   -1.44   -1.49  289.09   -0.49   -1.44   -1.68  289.05   -0.29   -1.44   -1.46  289.20    0.03    0.00    0.08    0.00  60    0  0  0  0
2011-07-01T00:14:00Z    90.000   -0.29   -1.45   -1.48  289.06   -0.49   -1.66   -1.68  289.05   -0.29   -1.44   -1.46  289.20    0.03    0.05    0.07    0.00  60    0  0  0  0
2011-07-01T00:15:00Z    90.000   -0.29   -1.46   -1.50  289.04   -0.49   -1.66   -1.68  288.74   -0.29   -1.44   -1.46  289.05    0.03    0.06    0.09    0.00  60    0  0  0  0
2011-07-01T00:16:00Z    90.000   -0.29   -1.47   -1.53  289.05   -0.49   -1.66   -1.68  288.74   -0.29   -1.44   -1.34  289.20    0.03    0.08    0.11    0.00  60    0  0  0  0
2011-07-01T00:17:00Z    90.000   -0.29   -1.47   -1.50  288.65   -0.29   -1.66   -1.68  288.48   -0.29   -1.44   -1.46  289.05    0.00    0.08    0.09    0.32  60    0  0  0  0
2011-07-01T00:18:00Z    90.000   -0.29   -1.45   -1.51  288.50   -0.49   -1.66   -1.68  288.48   -0.29   -1.44   -1.46  288.79    0.03    0.05    0.09    0.26  60    0  0  0  0
2011-07-01T00:19:00Z    90.000   -0.29   -1.45   -1.54  288.48   -0.29   -1.66   -1.68  288.48   -0.29   -1.44   -1.46  288.48    0.00    0.05    0.11    0.26  60    0  0  0  0
2011-07-01T00:20:00Z    90.000   -0.29   -1.50   -1.48  288.48   -0.29   -1.66   -1.68  288.48   -0.29   -1.44   -1.34  288.48    0.00    0.10    0.07    0.26  60    0  0  0  0
2011-07-01T00:21:00Z    90.000   -0.29   -1.47   -1.52  288.40   -0.49   -1.66   -1.68  288.21   -0.29   -1.44   -1.46  288.79    0.03    0.08    0.10    0.09  60    0  0  0  0
2011-07-01T00:22:00Z    90.000   -0.29   -1.47   -1.52  288.21   -0.49   -1.66   -1.68  288.21   -0.29   -1.44   -1.46  288.21    0.03    0.08    0.10    0.00  60    0  0  0  0
2011-07-01T00:23:00Z    90.000   -0.29   -1.45   -1.54  288.24   -0.49   -1.66   -1.68  288.21   -0.29   -1.44   -1.46  288.52    0.03    0.05    0.11    0.00  60    0  0  0  0
2011-07-01T00:24:00Z    90.000   -0.29   -1.44   -1.52  288.21   -0.29   -1.66   -1.68  288.21   -0.20   -1.44   -1.46  288.21    0.01    0.03    0.10    0.00  60    0  0  0  0
2011-07-01T00:25:00Z    90.000   -0.29   -1.44   -1.47  288.21   -0.29   -1.44   -1.68  288.21   -0.20   -1.44   -1.46  288.21    0.01    0.00    0.05    0.00  60    0  0  0  0
2011-07-01T00:26:00Z    90.000   -0.29   -1.45   -1.49  288.21   -0.29   -1.66   -1.68  288.21   -0.20   -1.44   -1.34  288.21    0.01    0.05    0.09    0.00  60    0  0  0  0
2011-07-01T00:27:00Z    90.000   -0.29   -1.45   -1.47  288.05   -0.29   -1.66   -1.68  287.95   -0.20   -1.44   -1.46  288.21    0.01    0.04    0.05    0.18  60    0  0  0  0
2011-07-01T00:28:00Z    90.000   -0.29   -1.44   -1.46  287.95   -0.29   -1.66   -1.68  287.95   -0.29   -1.44   -1.34  287.95    0.00    0.03    0.05    0.23  60    0  0  0  0
2011-07-01T00:29:00Z    90.000   -0.28   -1.44   -1.47  287.95   -0.29   -1.66   -1.68  287.95   -0.20   -1.44   -1.34  287.95    0.02    0.03    0.06    0.23  60    0  0  0  0
2011-07-01T00:30:00Z    90.000   -0.29   -1.44   -1.46  287.95   -0.29   -1.44   -1.68  287.95   -0.20   -1.44   -1.34  287.95    0.02    0.00    0.06    0.23  60    0  0  0  0
2011-07-01T00:31:00Z    90.000   -0.29   -1.45   -1.45  287.95   -0.29   -1.66   -1.46  287.95   -0.20   -1.44   -1.34  287.95    0.01    0.06    0.04    0.23  60    0  0  0  0
2011-07-01T00:32:00Z    90.000   -0.29   -1.46   -1.44  287.95   -0.29   -1.66   -1.68  287.95   -0.20   -1.44   -1.34  287.95    0.01    0.07    0.06    0.23  60    0  0  0  0
2011-07-01T00:33:00Z    90.000   -0.29   -1.44   -1.45  287.76   -0.29   -1.66   -1.68  287.69   -0.20   -1.44   -1.34  287.95    0.01    0.03    0.06    0.16  60    0  0  0  0
2011-07-01T00:34:00Z    90.000   -0.29   -1.45   -1.47  287.69   -0.29   -1.66   -1.68  287.69   -0.20   -1.44   -1.34  287.69    0.01    0.05    0.07    0.00  60    0  0  0  0
2011-07-01T00:35:00Z    90.000   -0.29   -1.47   -1.47  287.69   -0.29   -1.66   -1.68  287.69   -0.20   -1.44   -1.34  287.69    0.01    0.08    0.07    0.00  60    0  0  0  0
2011-07-01T00:36:00Z    90.000   -0.29   -1.54   -1.46  287.63   -0.29   -1.66   -1.68  287.43   -0.29   -1.44   -1.34  287.69    0.00    0.11    0.07    0.00  60    0  0  0  0
2011-07-01T00:37:00Z    90.000   -0.29   -1.47   -1.51  287.43   -0.49   -1.66   -1.68  287.43   -0.29   -1.44   -1.34  287.43    0.03    0.08    0.11    0.00  60    0  0  0  0
2011-07-01T00:38:00Z    90.000   -0.29   -1.45   -1.47  287.43   -0.49   -1.66   -1.68  287.43   -0.29   -1.44   -1.34  287.43    0.03    0.05    0.06    0.00  60    0  0  0  0
2011-07-01T00:39:00Z    90.000   -0.29   -1.44   -1.47  287.39   -0.49   -1.44   -1.68  287.17   -0.29   -1.44   -1.34  287.43    0.03    0.00    0.07    0.00  60    0  0  0  0
2011-07-01T00:40:00Z    90.000   -0.29   -1.45   -1.45  287.17   -0.29   -1.66   -1.68  287.17   -0.29   -1.33   -1.34  287.17    0.00    0.06    0.08    0.00  60    0  0  0  0
2011-07-01T00:41:00Z    90.000   -0.29   -1.45   -1.45  287.17   -0.29   -1.66   -1.68  287.17   -0.20   -1.33   -1.34  287.17    0.01    0.04    0.07    0.00  60    0  0  0  0
2011-07-01T00:42:00Z    90.000   -0.29   -1.45   -1.45  287.17   -0.29   -1.66   -1.68  287.17   -0.20   -1.33   -1.34  287.17    0.01    0.04    0.05    0.00  60    0  0  0  0
2011-07-01T00:43:00Z    90.000   -0.29   -1.44   -1.48  287.17   -0.29   -1.44   -1.68  287.17   -0.20   -1.33   -1.34  287.17    0.01    0.02    0.08    0.00  60    0  0  0  0
2011-07-01T00:44:00Z    90.000   -0.29   -1.46   -1.48  286.94   -0.49   -1.66   -1.68  286.90   -0.29   -1.33   -1.34  287.17    0.03    0.06    0.08    0.00  60    0  0  0  0
2011-07-01T00:45:00Z    90.000   -0.29   -1.45   -1.49  286.90   -0.29   -1.66   -1.68  286.90   -0.29   -1.44   -1.34  286.90    0.00    0.04    0.09    0.00  60    0  0  0  0
2011-07-01T00:46:00Z    90.000   -0.29   -1.49   -1.53  286.90   -0.49   -1.66   -1.68  286.90   -0.29   -1.33   -1.34  286.90    0.03    0.09    0.11    0.00  60    0  0  0  0
2011-07-01T00:47:00Z    90.000   -0.29   -1.52   -1.54  286.90   -0.49   -1.66   -1.68  286.90   -0.29   -1.44   -1.34  286.90    0.03    0.11    0.11    0.00  60    0  0  0  0
2011-07-01T00:48:00Z    90.000   -0.29   -1.57   -1.56  286.82   -0.49   -1.66   -1.68  286.59   -0.29   -1.44   -1.46  286.90    0.03    0.11    0.11    0.00  60    0  0  0  0
2011-07-01T00:49:00Z    90.000   -0.29   -1.51   -1.54  286.64   -0.49   -1.66   -1.68  286.64   -0.29   -1.44   -1.46  286.64    0.03    0.10    0.11    0.00  60    0  0  0  0
2011-07-01T00:50:00Z    90.000   -0.34   -1.51   -1.56  286.64   -0.49   -1.66   -1.68  286.33   -0.29   -1.44   -1.46  286.64    0.09    0.10    0.11    0.00  60    0  0  0  0
2011-07-01T00:51:00Z    90.000   -0.57   -1.56   -1.55  286.61   -0.69   -1.66   -1.68  286.38   -0.29   -1.44   -1.46  286.64    0.13    0.11    0.11    0.00  60    0  0  0  0
2011-07-01T00:52:00Z    90.000   -0.68   -1.53   -1.62  286.38   -0.78   -1.66   -1.68  286.38   -0.49   -1.44   -1.46  286.38    0.04    0.11    0.10    0.32  60    0  0  0  0
2011-07-01T00:53:00Z    90.000   -0.53   -1.47   -1.58  286.38   -0.69   -1.66   -1.68  286.38   -0.29   -1.44   -1.46  286.38    0.11    0.08    0.11    0.32  60    0  0  0  0
2011-07-01T00:54:00Z    90.000   -0.34   -1.45   -1.54  286.20   -0.49   -1.66   -1.68  286.11   -0.29   -1.33   -1.46  286.38    0.09    0.05    0.11    0.00  60    0  0  0  0
2011-07-01T00:55:00Z    90.000   -0.31   -1.45   -1.48  286.11   -0.49   -1.66   -1.68  286.11   -0.29   -1.44   -1.34  286.11    0.06    0.04    0.06    0.00  60    0  0  0  0
2011-07-01T00:56:00Z    90.000   -0.29   -1.44   -1.49  286.05   -0.49   -1.66   -1.68  285.85   -0.29   -1.44   -1.46  286.11    0.03    0.03    0.08    0.00  60    0  0  0  0
2011-07-01T00:57:00Z    90.000   -0.29   -1.44   -1.47  285.85   -0.49   -1.66   -1.68  285.85   -0.29   -1.33   -1.34  285.85    0.03    0.05    0.09    0.00  60    0  0  0  0
2011-07-01T00:58:00Z    90.000   -0.29   -1.44   -1.48  285.85   -0.49   -1.66   -1.68  285.85   -0.29   -1.33   -1.34  285.85    0.03    0.04    0.10    0.00  60    0  0  0  0
2011-07-01T00:59:00Z    90.000   -0.29   -1.44   -1.50  285.86   -0.49   -1.66   -1.68  285.85   -0.29   -1.33   -1.34  286.01    0.03    0.06    0.11    0.00  60    0  0  0  0
2011-07-01T01:00:00Z    90.000   -0.29   -1.43   -1.46  285.70   -0.29   -1.66   -1.68  285.59   -0.29   -1.33   -1.34  286.01    0.00    0.05    0.06    0.36  60    0  0  0  0
2011-07-01T01:01:00Z    90.000   -0.29   -1.45   -1.44  285.59   -0.29   -1.66   -1.68  285.59   -0.20   -1.44   -1.34  285.59    0.01    0.06    0.07    0.31  60    0  0  0  0
2011-07-01T01:02:00Z    90.000   -0.29   -1.49   -1.48  285.59   -0.29   -1.66   -1.68  285.59   -0.29   -1.33   -1.34  285.59    0.00    0.10    0.10    0.31  60    0  0  0  0
2011-07-01T01:03:00Z    90.000   -0.29   -1.49   -1.44  285.59   -0.29   -1.66   -1.68  285.59   -0.20   -1.33   -1.34  285.59    0.01    0.10    0.07    0.31  60    0  0  0  0
2011-07-01T01:04:00Z    90.000   -0.29   -1.49   -1.50  285.59   -0.49   -1.66   -1.68  285.59   -0.29   -1.33   -1.34  285.59    0.03    0.09    0.11    0.31  60    0  0  0  0
2011-07-01T01:05:00Z    90.000   -0.29   -1.56   -1.51  285.36   -0.29   -1.66   -1.68  285.34   -0.20   -1.44   -1.34  285.59    0.01    0.11    0.12    0.32  60    0  0  0  0
2011-07-01T01:06:00Z    90.000   -0.29   -1.56   -1.53  285.34   -0.49   -1.66   -1.68  285.34   -0.29   -1.44   -1.34  285.34    0.03    0.11    0.11    0.33  60    0  0  0  0
2011-07-01T01:07:00Z    90.000   -0.30   -1.57   -1.44  285.28   -0.49   -1.66   -1.68  285.07   -0.29   -1.44   -1.34  285.49    0.04    0.11    0.08    0.00  60    0  0  0  0
2011-07-01T01:08:00Z    90.000   -0.31   -1.47   -1.51  285.16   -0.49   -1.66   -1.68  285.07   -0.29   -1.44   -1.34  285.22    0.06    0.08    0.09    0.00  60    0  0  0  0
2011-07-01T01:09:00Z    90.000   -0.33   -1.50   -1.52  285.26   -0.49   -1.66   -1.68  285.07   -0.29   -1.44   -1.34  285.52    0.08    0.10    0.10    0.13  60    0  0  0  0
2011-07-01T01:10:00Z    90.000   -0.38   -1.45   -1.54  285.35   -0.69   -1.66   -1.68  285.27   -0.29   -1.33   -1.46  285.52    0.11    0.07    0.11    0.00  60    0  0  0  0
2011-07-01T01:11:00Z    90.000   -0.42   -1.44   -1.53  285.39   -0.69   -1.66   -1.68  285.27   -0.29   -1.33   -1.34  286.03    0.13    0.06    0.11    0.00  60    0  0  0  0
2011-07-01T01:12:00Z    90.000   -0.35   -1.40   -1.54  286.02   -0.69   -1.44   -1.68  285.72   -0.29   -1.33   -1.34  286.03    0.11    0.05    0.11    0.09  60    0  0  0  0
2011-07-01T01:13:00Z    90.000   -0.29   -1.39   -1.49  286.71   -0.49   -1.44   -1.68  286.03   -0.29   -1.33   -1.34  287.10    0.03    0.06    0.09    0.24  60    0  0  0  0
2011-07-01T01:14:00Z    90.000   -0.29   -1.40   -1.47  287.31   -0.49   -1.44   -1.68  286.84   -0.29   -1.33   -1.34  287.76    0.03    0.05    0.11    0.29  60    0  0  0  0
2011-07-01T01:15:00Z    90.000   -0.29   -1.40   -1.46  288.24   -0.49   -1.44   -1.68  287.76   -0.29   -1.33   -1.34  288.83    0.03    0.05    0.10    0.23  60    0  0  0  0
2011-07-01T01:16:00Z    90.000   -0.29   -1.35   -1.40  289.24   -0.49   -1.44   -1.68  288.83   -0.29   -1.33   -1.34  289.89    0.03    0.04    0.08    0.29  60    0  0  0  0
2011-07-01T01:17:00Z    90.000   -0.29   -1.33   -1.39  290.37   -0.49   -1.44   -1.46  289.89   -0.29   -1.33   -1.34  291.12    0.03    0.01    0.06    0.38  60    0  0  0  0
2011-07-01T01:18:00Z    90.000   -0.29   -1.33   -1.37  292.10   -0.49   -1.33   -1.46  291.12   -0.29   -1.33   -1.34  292.95    0.03    0.00    0.05    0.66  60    0  0  0  0
2011-07-01T01:19:00Z    90.000   -0.29   -1.33   -1.35  294.36   -0.29   -1.44   -1.46  293.10   -0.29   -1.33   -1.34  295.85    0.00    0.01    0.03    0.76  60    0  0  0  0
2011-07-01T01:20:00Z    90.000   -0.29   -1.33   -1.35  296.95   -0.49   -1.33   -1.46  295.64   -0.29   -1.33   -1.34  297.99    0.03    0.00    0.04    0.71  60    0  0  0  0
2011-07-01T01:21:00Z    90.000   -0.29   -1.33   -1.34  298.76   -0.29   -1.33   -1.46  297.99   -0.20   -1.33   -1.34  299.52    0.01    0.00    0.02    0.53  60    0  0  0  0
2011-07-01T01:22:00Z    90.000   -0.29   -1.33   -1.34  299.84   -0.29   -1.33   -1.34  299.31   -0.20   -1.33   -1.34  300.22    0.01    0.00    0.00    0.28  60    0  0  0  0
2011-07-01T01:23:00Z    90.000   -0.29   -1.33   -1.34  300.45   -0.29   -1.33   -1.34  300.22   -0.20   -1.33   -1.34  300.53    0.01    0.00    0.00    0.00  60    0  0  0  0
2011-07-01T01:24:00Z    90.000   -0.25   -1.33   -1.34  300.53   -0.29   -1.33   -1.34  300.53   -0.20   -1.33   -1.34  300.53    0.05    0.00    0.00    0.00  60    0  0  0  0
2011-07-01T01:25:00Z    90.000   -0.24   -1.33   -1.34  300.59   -0.29   -1.33   -1.34  300.53   -0.20   -1.33   -1.34  300.99    0.05    0.00    0.00    0.00  60    0  0  0  0
2011-07-01T01:26:00Z    90.000   -0.24   -1.33   -1.34  300.99   -0.29   -1.33   -1.34  300.99   -0.20   -1.33   -1.34  300.99    0.05    0.00    0.00    0.00  60    0  0  0  0
2011-07-01T01:27:00Z    90.000   -0.21   -1.33   -1.34  300.99   -0.29   -1.33   -1.34  300.99   -0.20   -1.33   -1.34  300.99    0.03    0.00    0.00    0.00  60    0  0  0  0
2011-07-01T01:28:00Z    90.000   -0.21   -1.33   -1.34  300.99   -0.29   -1.33   -1.34  300.99   -0.20   -1.33   -1.34  300.99    0.03    0.00    0.00    0.00  60    0  0  0  0
2011-07-01T01:29:00Z    90.000   -0.20   -1.33   -1.34  300.96   -0.29   -1.33   -1.34  300.83   -0.20   -1.33   -1.34  300.99    0.02    0.00    0.00    0.00  60    0  0  0  0
2011-07-01T01:30:00Z    90.000   -0.20   -1.33   -1.34  300.55   -0.29   -1.33   -1.34  300.27   -0.20   -1.33   -1.34  300.99    0.01    0.00    0.00    0.09  60    0  0  0  0
2011-07-01T01:31:00Z    90.000   -0.20   -1.33   -1.34  300.27   -0.29   -1.33   -1.34  300.27   -0.20   -1.33   -1.34  300.27    0.01    0.00    0.00    0.28  60    0  0  0  0
2011-07-01T01:32:00Z    90.000   -0.20   -1.33   -1.34  300.22   -0.29   -1.33   -1.34  299.96   -0.20   -1.33   -1.34  300.27    0.01    0.00    0.00    0.34  60    0  0  0  0
2011-07-01T01:33:00Z    90.000   -0.23   -1.33   -1.34  299.88   -0.29   -1.33   -1.34  299.81   -0.20   -1.33   -1.34  300.27    0.04    0.00    0.00    0.00  60    0  0  0  0
2011-07-01T01:34:00Z    90.000   -0.28   -1.33   -1.34  299.56   -0.29   -1.33   -1.34  299.51   -0.20   -1.33   -1.34  299.81    0.02    0.00    0.00    0.28  60    0  0  0  0
2011-07-01T01:35:00Z    90.000   -0.29   -1.33   -1.34  298.97   -0.29   -1.33   -1.34  298.78   -0.20   -1.33   -1.34  299.51    0.02    0.00    0.00    0.23  60    0  0  0  0
2011-07-01T01:36:00Z    90.000   -0.29   -1.33   -1.34  298.46   -0.29   -1.33   -1.34  298.17   -0.29   -1.33   -1.34  298.78    0.00    0.00    0.00    0.28  60    0  0  0  0
2011-07-01T01:37:00Z    90.000   -0.29   -1.33   -1.34  297.95   -0.29   -1.33   -1.34  297.45   -0.20   -1.33   -1.34  298.17    0.01    0.00    0.00    0.39  60    0  0  0  0
2011-07-01T01:38:00Z    90.000   -0.29   -1.33   -1.34  297.01   -0.29   -1.33   -1.34  296.38   -0.20   -1.33   -1.34  297.45    0.01    0.00    0.00    0.29  60    0  0  0  0
2011-07-01T01:39:00Z    90.000   -0.29   -1.33   -1.34  295.96   -0.49   -1.33   -1.34  295.21   -0.20   -1.33   -1.34  296.38    0.03    0.00    0.00    0.38  60    0  0  0  0
2011-07-01T01:40:00Z    90.000   -0.29   -1.33   -1.34  294.46   -0.49   -1.33   -1.34  293.68   -0.29   -1.33   -1.34  295.21    0.03    0.00    0.00    0.49  60    0  0  0  0
2011-07-01T01:41:00Z    90.000   -0.29   -1.33   -1.34  293.13   -0.49   -1.33   -1.34  292.61   -0.29   -1.33   -1.34  293.68    0.03    0.00    0.00    0.37  60    0  0  0  0
2011-07-01T01:42:00Z    90.000   -0.29   -1.33   -1.34  291.57   -0.49   -1.33   -1.34  291.13   -0.29   -1.33   -1.34  292.61    0.03    0.00    0.00    0.00  60    0  0  0  0
2011-07-01T01:43:00Z    90.000   -0.30   -1.33   -1.34  290.65   -0.49   -1.33   -1.34  290.37   -0.29   -1.33   -1.34  291.28    0.04    0.00    0.00    0.00  60    0  0  0  0
2011-07-01T01:44:00Z    90.000   -0.35   -1.33   -1.34  289.56   -0.69   -1.33   -1.34  289.04   -0.29   -1.33   -1.34  290.37    0.11    0.00    0.00    0.26  60    0  0  0  0
2011-07-01T01:45:00Z    90.000   -0.53   -1.33   -1.34  288.97   -0.69   -1.33   -1.34  288.63   -0.29   -1.33   -1.34  289.04    0.12    0.00    0.00    0.00  60    0  0  0  0
2011-07-01T01:46:00Z    90.000   -0.65   -1.33   -1.34  288.14   -0.69   -1.33   -1.34  288.02   -0.49   -1.33   -1.34  288.63    0.08    0.00    0.00    0.47  60    0  0  0  0
2011-07-01T01:47:00Z    90.000   -0.69   -1.33   -1.34  287.77   -0.78   -1.33   -1.34  287.60   -0.49   -1.33   -1.34  288.02    0.03    0.00    0.00    0.33  60    0  0  0  0
2011-07-01T01:48:00Z    90.000   -0.71   -1.33   -1.34  287.49   -0.78   -1.33   -1.34  287.03   -0.69   -1.33   -1.34  287.60    0.04    0.00    0.00    0.26  60    0  0  0  0
2011-07-01T01:49:00Z    90.000   -0.72   -1.33   -1.34  287.04   -0.78   -1.33   -1.34  287.03   -0.69   -1.33   -1.34  287.34    0.04    0.00    0.00    0.00  60    0  0  0  0
2011-07-01T01:50:00Z    90.000   -0.73   -1.33   -1.34  286.68   -0.78   -1.33   -1.34  286.47   -0.69   -1.33   -1.34  287.03    0.05    0.00    0.00    0.29  60    0  0  0  0
2011-07-01T01:51:00Z    90.000   -0.71   -1.33   -1.34  286.25   -0.78   -1.33   -1.34  285.75   -0.69   -1.33   -1.34  286.47    0.04    0.00    0.00    0.38  60    0  0  0  0
2011-07-01T01:52:00Z    90.000   -0.70   -1.33   -1.34  285.75   -0.78   -1.33   -1.34  285.75   -0.49   -1.33   -1.34  285.75    0.04    0.00    0.00    0.42  60    0  0  0  0
2011-07-01T01:53:00Z    90.000   -0.69   -1.33   -1.34  285.74   -0.69   -1.33   -1.34  285.44   -0.69   -1.33   -1.34  285.75    0.00    0.00    0.00    0.40  60    0  0  0  0
2011-07-01T01:54:00Z    90.000   -0.69   -1.33   -1.34  285.34   -0.78   -1.33   -1.34  285.03   -0.49   -1.33   -1.34  285.75    0.03    0.00    0.00    0.26  60    0  0  0  0
2011-07-01T01:55:00Z    90.000   -0.69   -1.33   -1.34  285.01   -0.78   -1.33   -1.46  284.73   -0.49   -1.33   -1.34  285.03    0.03    0.00    0.02    0.32  60    0  0  0  0
2011-07-01T01:56:00Z    90.000   -0.68   -1.33   -1.34  284.72   -0.69   -1.33   -1.34  284.47   -0.49   -1.33   -1.34  285.03    0.04    0.00    0.00    0.29  60    0  0  0  0
2011-07-01T01:57:00Z    90.000   -0.69   -1.33   -1.34  284.39   -0.69   -1.33   -1.46  284.16   -0.49   -1.33   -1.34  284.47    0.03    0.00    0.02    0.00  60    0  0  0  0
2011-07-01T01:58:00Z    90.000   -0.67   -1.33   -1.34  284.16   -0.69   -1.33   -1.34  284.16   -0.29   -1.33   -1.34  284.16    0.07    0.00    0.00    0.31  60    0  0  0  0
2011-07-01T01:59:00Z    90.000   -0.67   -1.33   -1.35  283.80   -0.69   -1.33   -1.46  283.75   -0.49   -1.33   -1.34  284.16    0.06    0.00    0.03    0.26  60    0  0  0  0
2011-07-01T02:00:00Z    90.000   -0.54   -1.33   -1.35  283.75   -0.69   -1.33   -1.46  283.75   -0.29   -1.33   -1.34  283.90    0.15    0.00    0.03    0.16  60    0  0  0  0
2011-07-01T02:01:00Z    90.000   -0.47   -1.33   -1.35  283.51   -0.69   -1.33   -1.46  283.19   -0.29   -1.33   -1.34  283.75    0.14    0.00    0.03    0.36  60    0  0  0  0
2011-07-01T02:02:00Z    90.000   -0.56   -1.33   -1.36  283.34   -0.69   -1.33   -1.68  283.19   -0.29   -1.33   -1.34  283.49    0.12    0.00    0.06    0.18  60    0  0  0  0
2011-07-01T02:03:00Z    90.000   -0.54   -1.33   -1.35  282.90   -0.69   -1.33   -1.46  282.62   -0.29   -1.33   -1.34  283.19    0.13    0.00    0.03    0.00  60    0  0  0  0
2011-07-01T02:04:00Z    90.000   -0.67   -1.33   -1.35  282.56   -0.78   -1.44   -1.46  282.47   -0.49   -1.33   -1.34  282.62    0.06    0.01    0.04    0.00  60    0  0  0  0
2011-07-01T02:05:00Z    90.000   -0.70   -1.33   -1.38  282.59   -0.78   -1.44   -1.68  282.47   -0.69   -1.33   -1.34  282.62    0.03    0.01    0.07    0.00  60    0  0  0  0
2011-07-01T02:06:00Z    90.000   -0.77   -1.33   -1.39  282.39   -0.78   -1.44   -1.68  282.21   -0.69   -1.33   -1.34  282.62    0.02    0.02    0.09    0.23  60    0  0  0  0
2011-07-01T02:07:00Z    90.000   -0.78   -1.33   -1.37  282.25   -0.98   -1.44   -1.46  282.21   -0.78   -1.33   -1.34  282.36    0.03    0.01    0.05    0.00  60    0  0  0  0
2011-07-01T02:08:00Z    90.000   -0.88   -1.34   -1.42  282.03   -0.98   -1.44   -1.68  281.95   -0.78   -1.33   -1.34  282.21    0.10    0.02    0.10    0.09  60    0  0  0  0
2011-07-01T02:09:00Z    90.000   -0.82   -1.33   -1.45  281.95   -0.98   -1.33   -1.68  281.95   -0.78   -1.33   -1.34  281.95    0.08    0.00    0.09    0.09  60    0  0  0  0
2011-07-01T02:10:00Z    90.000   -0.78   -1.33   -1.38  281.86   -0.78   -1.33   -1.46  281.69   -0.78   -1.33   -1.34  281.95    0.00    0.00    0.06    0.00  60    0  0  0  0
2011-07-01T02:11:00Z    90.000   -0.73   -1.33   -1.41  281.69   -0.98   -1.33   -1.68  281.69   -0.49   -1.33   -1.34  281.69    0.06    0.00    0.08    0.00  60    0  0  0  0
2011-07-01T02:12:00Z    90.000   -0.68   -1.33   -1.41  281.63   -0.78   -1.44   -1.68  281.39   -0.49   -1.33   -1.34  281.69    0.04    0.01    0.10    0.13  60    0  0  0  0
2011-07-01T02:13:00Z    90.000   -0.65   -1.33   -1.42  281.44   -0.69   -1.33   -1.68  280.82   -0.49   -1.33   -1.34  281.69    0.08    0.00    0.08    0.37  60    0  0  0  0
2011-07-01T02:14:00Z    90.000   -0.42   -1.33   -1.43  280.83   -0.69   -1.33   -1.68  280.82   -0.29   -1.33   -1.34  281.13    0.12    0.00    0.10    0.00  60    0  0  0  0
2011-07-01T02:15:00Z    90.000   -0.35   -1.33   -1.43  280.82   -0.49   -1.33   -1.68  280.82   -0.29   -1.33   -1.34  280.82    0.09    0.00    0.10    0.00  60    0  0  0  0
2011-07-01T02:16:00Z    90.000   -0.30   -1.33   -1.42  280.82   -0.49   -1.33   -1.68  280.82   -0.29   -1.33   -1.34  280.82    0.04    0.00    0.08    0.00  60    0  0  0  0
2011-07-01T02:17:00Z    90.000   -0.31   -1.33   -1.43  280.58   -0.49   -1.33   -1.68  280.11   -0.29   -1.33   -1.34  280.82    0.06    0.00    0.10    0.40  60    0  0  0  0
2011-07-01T02:18:00Z    90.000   -0.45   -1.33   -1.51  280.16   -0.69   -1.44   -1.68  280.11   -0.29   -1.33   -1.34  280.41    0.13    0.02    0.13    0.13  60    0  0  0  0
2011-07-01T02:19:00Z    90.000   -0.39   -1.34   -1.49  280.15   -0.69   -1.44   -1.68  280.11   -0.29   -1.33   -1.34  280.41    0.12    0.03    0.12    0.09  60    0  0  0  0
2011-07-01T02:20:00Z    90.000   -0.30   -1.33   -1.56  280.11   -0.49   -1.44   -1.68  280.11   -0.29   -1.33   -1.34  280.11    0.04    0.01    0.12    0.00  60    0  0  0  0
2011-07-01T02:21:00Z    90.000   -0.29   -1.33   -1.56  280.11   -0.49   -1.33   -1.68  280.11   -0.29   -1.33   -1.34  280.11    0.03    0.00    0.11    0.00  60    0  0  0  0
2011-07-01T02:22:00Z    90.000   -0.29   -1.34   -1.52  279.76   -0.49   -1.44   -1.68  279.65   -0.29   -1.33   -1.34  280.11    0.03    0.03    0.11    0.21  60    0  0  0  0
2011-07-01T02:23:00Z    90.000   -0.29   -1.35   -1.50  279.69   -0.49   -1.44   -1.68  279.39   -0.29   -1.33   -1.34  279.80    0.03    0.04    0.11    0.24  60    0  0  0  0
2011-07-01T02:24:00Z    90.000   -0.29   -1.34   -1.53  279.40   -0.29   -1.44   -1.68  279.08   -0.20   -1.33   -1.34  279.65    0.01    0.03    0.13    0.00  60    0  0  0  0
2011-07-01T02:25:00Z    90.000   -0.29   -1.33   -1.53  279.25   -0.29   -1.44   -1.68  279.08   -0.20   -1.33   -1.34  279.39    0.01    0.01    0.12    0.16  60    0  0  0  0
2011-07-01T02:26:00Z    90.000   -0.29   -1.34   -1.50  279.08   -0.29   -1.66   -1.68  279.08   -0.20   -1.33   -1.34  279.08    0.01    0.05    0.11    0.24  60    0  0  0  0
2011-07-01T02:27:00Z    90.000   -0.29   -1.34   -1.51  279.08   -0.29   -1.44   -1.68  279.08   -0.29   -1.33   -1.34  279.08    0.00    0.03    0.12    0.24  60    0  0  0  0
2011-07-01T02:28:00Z    90.000   -0.29   -1.36   -1.50  279.08   -0.29   -1.44   -1.68  279.08   -0.20   -1.33   -1.34  279.08    0.01    0.05    0.11    0.24  60    0  0  0  0
2011-07-01T02:29:00Z    90.000   -0.29   -1.37   -1.48  279.03   -0.29   -1.66   -1.68  278.78   -0.20   -1.33   -1.34  279.08    0.01    0.06    0.11    0.21  60    0  0  0  0
2011-07-01T02:30:00Z    90.000   -0.29   -1.39   -1.51  278.77   -0.29   -1.66   -1.68  278.52   -0.20   -1.33   -1.34  278.78    0.01    0.06    0.12    0.00  60    0  0  0  0
2011-07-01T02:31:00Z    90.000   -0.29   -1.41   -1.53  278.53   -0.29   -1.66   -1.68  278.52   -0.29   -1.33   -1.34  278.78    0.00    0.07    0.13    0.00  60    0  0  0  0
2011-07-01T02:32:00Z    90.000   -0.29   -1.41   -1.59  278.51   -0.29   -1.66   -1.68  278.37   -0.20   -1.33   -1.34  278.52    0.01    0.07    0.11    0.00  60    0  0  0  0
2011-07-01T02:33:00Z    90.000   -0.29   -1.42   -1.51  278.43   -0.29   -1.66   -1.68  278.37   -0.20   -1.33   -1.34  278.52    0.01    0.06    0.11    0.24  60    0  0  0  0
2011-07-01T02:34:00Z    90.000   -0.29   -1.39   -1.56  278.38   -0.49   -1.44   -1.68  278.37   -0.29   -1.33   -1.34  278.52    0.03    0.06    0.12    0.29  60    0  0  0  0
2011-07-01T02:35:00Z    90.000   -0.29   -1.44   -1.51  278.18   -0.29   -1.66   -1.68  278.12   -0.29   -1.33   -1.34  278.37    0.00    0.08    0.12    0.28  60    0  0  0  0
2011-07-01T02:36:00Z    90.000   -0.29   -1.41   -1.58  278.12   -0.49   -1.44   -1.68  278.12   -0.29   -1.33   -1.46  278.12    0.03    0.05    0.11    0.26  60    0  0  0  0
2011-07-01T02:37:00Z    90.000   -0.29   -1.43   -1.59  278.12   -0.49   -1.66   -1.68  278.12   -0.29   -1.33   -1.34  278.12    0.03    0.08    0.11    0.26  60    0  0  0  0
2011-07-01T02:38:00Z    90.000   -0.29   -1.43   -1.61  278.12   -0.49   -1.66   -1.68  278.12   -0.29   -1.33   -1.46  278.12    0.03    0.07    0.10    0.26  60    0  0  0  0
2011-07-01T02:39:00Z    90.000   -0.29   -1.41   -1.60  278.11   -0.49   -1.66   -1.68  277.86   -0.29   -1.33   -1.46  278.12    0.03    0.06    0.11    0.26  60    0  0  0  0
2011-07-01T02:40:00Z    90.000   -0.29   -1.41   -1.57  277.87   -0.49   -1.44   -1.68  277.86   -0.29   -1.33   -1.34  278.12    0.03    0.05    0.12    0.18  60    0  0  0  0
2011-07-01T02:41:00Z    90.000   -0.29   -1.39   -1.55  277.86   -0.49   -1.44   -1.68  277.86   -0.29   -1.33   -1.34  277.86    0.03    0.05    0.12    0.16  60    0  0  0  0
2011-07-01T02:42:00Z    90.000   -0.29   -1.36   -1.54  277.86   -0.49   -1.44   -1.68  277.86   -0.29   -1.33   -1.46  277.86    0.03    0.05    0.11    0.16  60    0  0  0  0
2011-07-01T02:43:00Z    90.000   -0.29   -1.38   -1.52  277.86   -0.29   -1.44   -1.68  277.86   -0.29   -1.33   -1.34  277.86    0.00    0.06    0.12    0.16  60    0  0  0  0
2011-07-01T02:44:00Z    90.000   -0.29   -1.34   -1.51  277.67   -0.29   -1.44   -1.68  277.60   -0.29   -1.33   -1.34  278.01    0.00    0.03    0.12    0.18  60    0  0  0  0
2011-07-01T02:45:00Z    90.000   -0.29   -1.36   -1.51  277.60   -0.29   -1.44   -1.68  277.60   -0.20   -1.33   -1.34  277.60    0.01    0.05    0.11    0.13  60    0  0  0  0
2011-07-01T02:46:00Z    90.000   -0.29   -1.37   -1.53  277.60   -0.29   -1.44   -1.68  277.60   -0.20   -1.33   -1.34  277.60    0.01    0.05    0.11    0.13  60    0  0  0  0
2011-07-01T02:47:00Z    90.000   -0.29   -1.39   -1.49  277.60   -0.29   -1.44   -1.68  277.60   -0.20   -1.33   -1.34  277.60    0.01    0.05    0.09    0.13  60    0  0  0  0
2011-07-01T02:48:00Z    90.000   -0.29   -1.38   -1.50  277.59   -0.29   -1.66   -1.68  277.30   -0.20   -1.33   -1.34  277.60    0.01    0.07    0.11    0.09  60    0  0  0  0
2011-07-01T02:49:00Z    90.000   -0.29   -1.38   -1.51  277.58   -0.29   -1.44   -1.68  277.30   -0.20   -1.33   -1.34  277.60    0.01    0.06    0.11    0.16  60    0  0  0  0
2011-07-01T02:50:00Z    90.000   -0.29   -1.41   -1.53  277.55   -0.29   -1.44   -1.68  277.30   -0.20   -1.33   -1.34  277.60    0.01    0.05    0.11    0.18  60    0  0  0  0
2011-07-01T02:51:00Z    90.000   -0.29   -1.39   -1.54  277.54   -0.29   -1.44   -1.68  277.34   -0.20   -1.33   -1.34  277.60    0.01    0.06    0.11    0.24  60    0  0  0  0
2011-07-01T02:52:00Z    90.000   -0.29   -1.38   -1.58  277.19   -0.29   -1.44   -1.68  277.04   -0.20   -1.33   -1.34  277.34    0.01    0.06    0.12    0.21  60    0  0  0  0
2011-07-01T02:53:00Z    90.000   -0.29   -1.39   -1.57  277.12   -0.29   -1.44   -1.68  277.04   -0.29   -1.33   -1.46  277.34    0.00    0.06    0.11    0.16  60    0  0  0  0
2011-07-01T02:54:00Z    90.000   -0.29   -1.39   -1.54  276.97   -0.29   -1.66   -1.68  276.58   -0.20   -1.33   -1.34  277.04    0.01    0.07    0.12    0.18  60    0  0  0  0
2011-07-01T02:55:00Z    90.000   -0.29   -1.40   -1.50  276.62   -0.29   -1.44   -1.68  276.58   -0.20   -1.33   -1.34  277.04    0.01    0.05    0.10    0.09  60    0  0  0  0
2011-07-01T02:56:00Z    90.000   -0.29   -1.37   -1.53  276.64   -0.29   -1.44   -1.68  276.58   -0.20   -1.33   -1.34  277.04    0.01    0.05    0.12    0.00  60    0  0  0  0
2011-07-01T02:57:00Z    90.000   -0.29   -1.36   -1.56  276.58   -0.29   -1.44   -1.68  276.58   -0.20   -1.33   -1.46  276.58    0.01    0.05    0.11    0.00  60    0  0  0  0
2011-07-01T02:58:00Z    90.000   -0.28   -1.34   -1.58  276.58   -0.29   -1.44   -1.68  276.58   -0.20   -1.33   -1.46  276.58    0.03    0.04    0.11    0.00  60    0  0  0  0
2011-07-01T02:59:00Z    90.000   -0.22   -1.41   -1.59  276.46   -0.29   -1.44   -1.68  276.27   -0.20   -1.33   -1.46  276.58    0.04    0.05    0.11    0.00  60    0  0  0  0
2011-07-01T03:00:00Z    90.000   -0.28   -1.43   -1.56  276.43   -0.29   -1.66   -1.68  276.27   -0.20   -1.33   -1.46  276.58    0.03    0.06    0.11    0.00  60    0  0  0  0
2011-07-01T03:01:00Z    90.000   -0.29   -1.43   -1.61  276.48   -0.29   -1.66   -1.68  276.27   -0.20   -1.33   -1.46  276.58    0.01    0.07    0.10    0.00  60    0  0  0  0
2011-07-01T03:02:00Z    90.000   -0.29   -1.45   -1.62  276.20   -0.29   -1.66   -1.68  275.97   -0.20   -1.33   -1.46  276.58    0.01    0.07    0.10    0.21  60    0  0  0  0
2011-07-01T03:03:00Z    90.000   -0.29   -1.45   -1.62  275.98   -0.29   -1.66   -1.68  275.97   -0.20   -1.33   -1.46  276.27    0.01    0.09    0.10    0.36  60    0  0  0  0
2011-07-01T03:04:00Z    90.000   -0.29   -1.44   -1.63  276.00   -0.29   -1.66   -1.68  275.97   -0.20   -1.33   -1.46  276.27    0.01    0.04    0.09    0.36  60    0  0  0  0
2011-07-01T03:05:00Z    90.000   -0.29   -1.43   -1.59  275.95   -0.29   -1.66   -1.68  275.82   -0.20   -1.33   -1.46  276.27    0.01    0.05    0.11    0.24  60    0  0  0  0
2011-07-01T03:06:00Z    90.000   -0.29   -1.43   -1.64  275.86   -0.29   -1.66   -1.68  275.82   -0.29   -1.33   -1.46  275.97    0.00    0.06    0.09    0.00  60    0  0  0  0
2011-07-01T03:07:00Z    90.000   -0.29   -1.42   -1.58  275.80   -0.29   -1.66   -1.68  275.51   -0.20   -1.33   -1.46  275.97    0.01    0.06    0.11    0.00  60    0  0  0  0
2011-07-01T03:08:00Z    90.000   -0.29   -1.42   -1.57  275.52   -0.29   -1.44   -1.68  275.51   -0.29   -1.33   -1.46  275.82    0.00    0.04    0.11    0.29  60    0  0  0  0
2011-07-01T03:09:00Z    90.000   -0.29   -1.41   -1.56  275.51   -0.29   -1.44   -1.68  275.51   -0.20   -1.33   -1.46  275.51    0.01    0.05    0.11    0.32  60    0  0  0  0
2011-07-01T03:10:00Z    90.000   -0.29   -1.41   -1.53  275.32   -0.29   -1.66   -1.68  275.25   -0.29   -1.33   -1.34  275.51    0.00    0.06    0.11    0.00  60    0  0  0  0
2011-07-01T03:11:00Z    90.000   -0.29   -1.39   -1.53  275.25   -0.29   -1.44   -1.68  275.25   -0.20   -1.33   -1.46  275.25    0.01    0.06    0.10    0.00  60    0  0  0  0
2011-07-01T03:12:00Z    90.000   -0.29   -1.39   -1.50  275.25   -0.29   -1.44   -1.68  275.25   -0.20   -1.33   -1.34  275.25    0.01    0.06    0.10    0.00  60    0  0  0  0
2011-07-01T03:13:00Z    90.000   -0.29   -1.39   -1.48  275.25   -0.29   -1.44   -1.68  275.25   -0.20   -1.33   -1.34  275.25    0.01    0.06    0.07    0.00  60    0  0  0  0
2011-07-01T03:14:00Z    90.000   -0.29   -1.36   -1.45  275.22   -0.49   -1.44   -1.68  274.99   -0.29   -1.33   -1.34  275.25    0.03    0.05    0.06    0.00  60    0  0  0  0
2011-07-01T03:15:00Z    90.000   -0.30   -1.36   -1.44  274.99   -0.49   -1.44   -1.46  274.69   -0.29   -1.33   -1.34  274.99    0.04    0.05    0.05    0.38  60    0  0  0  0
2011-07-01T03:16:00Z    90.000   -0.31   -1.34   -1.46  274.99   -0.49   -1.44   -1.68  274.99   -0.29   -1.33   -1.34  274.99    0.06    0.03    0.07    0.40  60    0  0  0  0
2011-07-01T03:17:00Z    90.000   -0.39   -1.33   -1.44  274.98   -0.49   -1.44   -1.46  274.69   -0.29   -1.33   -1.34  274.99    0.10    0.02    0.04    0.39  60    0  0  0  0
2011-07-01T03:18:00Z    90.000   -0.29   -1.33   -1.43  274.73   -0.29   -1.44   -1.46  274.43   -0.29   -1.33   -1.34  274.99    0.00    0.01    0.05    0.13  60    0  0  0  0
2011-07-01T03:19:00Z    90.000   -0.29   -1.33   -1.41  274.65   -0.49   -1.33   -1.46  274.43   -0.29   -1.33   -1.34  274.73    0.03    0.00    0.06    0.13  60    0  0  0  0
2011-07-01T03:20:00Z    90.000   -0.29   -1.33   -1.38  274.73   -0.49   -1.33   -1.46  274.73   -0.29   -1.33   -1.34  274.73    0.03    0.00    0.06    0.13  60    0  0  0  0
2011-07-01T03:21:00Z    90.000   -0.29   -1.33   -1.35  274.73   -0.49   -1.33   -1.46  274.73   -0.29   -1.33   -1.34  274.73    0.03    0.00    0.03    0.13  60    0  0  0  0
2011-07-01T03:22:00Z    90.000   -0.29   -1.33   -1.34  274.76   -0.49   -1.33   -1.46  274.49   -0.29   -1.33   -1.34  275.04    0.03    0.00    0.02    0.28  60    0  0  0  0
2011-07-01T03:23:00Z    90.000   -0.29   -1.33   -1.34  274.78   -0.29   -1.33   -1.34  274.49   -0.20   -1.33   -1.34  274.79    0.01    0.00    0.00    0.13  60    0  0  0  0
2011-07-01T03:24:00Z    90.000   -0.29   -1.33   -1.34  274.79   -0.29   -1.33   -1.34  274.79   -0.20   -1.33   -1.34  274.94    0.01    0.00    0.00    0.09  60    0  0  0  0
2011-07-01T03:25:00Z    90.000   -0.29   -1.33   -1.34  274.79   -0.29   -1.33   -1.34  274.49   -0.20   -1.33   -1.34  274.94    0.01    0.00    0.00    0.09  60    0  0  0  0
2011-07-01T03:26:00Z    90.000   -0.29   -1.33   -1.34  274.81   -0.29   -1.33   -1.34  274.79   -0.20   -1.33   -1.34  274.94    0.01    0.00    0.00    0.09  60    0  0  0  0
2011-07-01T03:27:00Z    90.000   -0.29   -1.32   -1.34  274.88   -0.29   -1.33   -1.34  274.79   -0.29   -1.11   -1.12  274.94    0.00    0.06    0.03    0.00  60    0  0  0  0
2011-07-01T03:28:00Z    90.000   -0.28   -1.15   -1.31  274.90   -0.29   -1.33   -1.34  274.68   -0.20   -1.11   -1.12  275.25    0.03    0.09    0.08    0.00  60    0  0  0  0
2011-07-01T03:29:00Z    90.000   -0.25   -1.11   -1.17  274.78   -0.29   -1.11   -1.34  274.68   -0.20   -1.11   -1.12  274.99    0.05    0.00    0.09    0.00  60    0  0  0  0
2011-07-01T03:30:00Z    90.000   -0.21   -0.97   -1.07  275.07   -0.29   -1.11   -1.12  274.99   -0.20   -0.89   -0.90  275.30    0.03    0.11    0.10    0.18  60    0  0  0  0
2011-07-01T03:31:00Z    90.000   -0.27   -0.89   -0.95  275.27   -0.29   -0.89   -1.12  274.99   -0.20   -0.89   -0.90  275.30    0.04    0.00    0.09    0.00  60    0  0  0  0
2011-07-01T03:32:00Z    90.000   -0.29   -0.89   -0.90  275.38   -0.29   -0.89   -0.90  275.30   -0.20   -0.89   -0.90  275.75    0.01    0.00    0.00    0.16  60    0  0  0  0
2011-07-01T03:33:00Z    90.000   -0.29   -0.81   -0.89  275.77   -0.29   -0.89   -0.90  275.45   -0.20   -0.55   -0.78  276.06    0.01    0.12    0.04    0.34  60    0  0  0  0
2011-07-01T03:34:00Z    90.000   -0.29   -0.54   -0.66  275.86   -0.29   -0.78   -0.90  275.75   -0.20   -0.33   -0.56  276.06    0.01    0.06    0.12    0.26  60    0  0  0  0
2011-07-01T03:35:00Z    90.000   -0.26   -0.35   -0.45  275.96   -0.29   -0.55   -0.56  275.49   -0.20   -0.33   -0.34  276.06    0.04    0.06    0.11    0.00  60    0  0  0  0
2011-07-01T03:36:00Z    90.000   -0.20   -0.33   -0.34  275.73   -0.29   -0.33   -0.34  275.49   -0.20   -0.33   -0.34  275.80    0.01    0.00    0.00    0.09  60    0  0  0  0
2011-07-01T03:37:00Z    90.000   -0.20   -0.31   -0.34  275.82   -0.29   -0.33   -0.34  275.80   -0.20   -0.22   -0.22  275.95    0.01    0.04    0.02    0.00  60    0  0  0  0
2011-07-01T03:38:00Z    90.000   -0.20   -0.22   -0.24  275.91   -0.29   -0.22   -0.34  275.80   -0.20   -0.22   -0.22  275.95    0.01    0.00    0.05    0.00  60    0  0  0  0
2011-07-01T03:39:00Z    90.000   -0.20   -0.14   -0.20  275.96   -0.29   -0.22   -0.22  275.95   -0.20    0.00    0.00  276.26    0.01    0.11    0.07    0.00  60    0  0  0  0
2011-07-01T03:40:00Z    90.000   -0.20    0.12    0.06  276.13   -0.29    0.00   -0.22  275.95   -0.20    0.22    0.22  276.26    0.01    0.11    0.13    0.21  60    0  0  0  0
2011-07-01T03:41:00Z    90.000   -0.20    0.24    0.22  276.26   -0.29    0.22    0.22  276.26   -0.20    0.33    0.22  276.26    0.01    0.04    0.00    0.00  60    0  0  0  0
2011-07-01T03:42:00Z    90.000   -0.20    0.33    0.31  276.31   -0.29    0.22    0.22  276.00   -0.20    0.33    0.34  276.56    0.01    0.01    0.05    0.00  60    0  0  0  0
2011-07-01T03:43:00Z    90.000   -0.20    0.45    0.39  276.53   -0.29    0.33    0.34  276.30   -0.20    0.55    0.56  276.76    0.02    0.11    0.09    0.16  60    0  0  0  0
2011-07-01T03:44:00Z    90.000   -0.20    0.86    0.76  276.76   -0.29    0.55    0.56  276.76   -0.20    0.89    0.90  276.76    0.01    0.07    0.15    0.00  60    0  0  0  0
2011-07-01T03:45:00Z    90.000   -0.20    1.10    1.01  276.80   -0.29    0.89    0.90  276.76   -0.20    1.33    1.12  277.07    0.01    0.16    0.11    0.00  60    0  0  0  0
2011-07-01T03:46:00Z    90.000   -0.20    1.34    1.33  277.03   -0.29    1.33    1.12  276.76   -0.20    1.44    1.34  277.22    0.01    0.02    0.04    0.32  60    0  0  0  0
2011-07-01T03:47:00Z    90.000   -0.20    1.61    1.54  277.17   -0.29    1.44    1.34  277.07   -0.20    1.66    1.68  277.22    0.01    0.09    0.14    0.00  60    0  0  0  0
2011-07-01T03:48:00Z    90.000   -0.20    1.85    1.76  277.35   -0.29    1.66    1.68  277.07   -0.20    1.99    2.02  277.53    0.01    0.14    0.13    0.32  60    0  0  0  0
2011-07-01T03:49:00Z    90.000   -0.20    2.19    2.09  277.41   -0.29    1.99    2.02  277.28   -0.20    2.44    2.46  277.58    0.01    0.21    0.12    0.00  60    0  0  0  0
2011-07-01T03:50:00Z    90.000   -0.20    2.56    2.51  277.58   -0.29    2.44    2.46  277.58   -0.20    2.77    2.58  277.58    0.01    0.09    0.06    0.00  60    0  0  0  0
2011-07-01T03:51:00Z    90.000   -0.20    2.78    2.76  277.58   -0.29    2.77    2.58  277.58   -0.20    2.99    2.80  277.58    0.01    0.04    0.09    0.00  60    0  0  0  0
2011-07-01T03:52:00Z    90.000   -0.20    3.08    3.05  277.60   -0.20    2.77    2.80  277.58   -0.20    3.10    3.14  277.73    0.00    0.07    0.14    0.00  60    0  0  0  0
2011-07-01T03:53:00Z    90.000   -0.20    3.41    3.34  277.69   -0.29    3.10    3.14  277.58    0.00    3.54    3.58  277.73    0.03    0.12    0.16    0.00  60    0  0  0  0
2011-07-01T03:54:00Z    90.000   -0.15    3.84    3.78  277.73   -0.20    3.54    3.58  277.73    0.00    3.99    4.03  278.04    0.09    0.16    0.17    0.09  60    0  0  0  0
2011-07-01T03:55:00Z    90.000   -0.12    4.18    4.14  278.01   -0.20    3.99    4.03  277.73    0.00    4.43    4.26  278.34    0.10    0.12    0.12    0.09  60    0  0  0  0
2011-07-01T03:56:00Z    90.000   -0.15    4.65    4.58  278.31   -0.20    4.43    4.26  278.04    0.00    4.76    4.82  278.34    0.09    0.11    0.17    0.00  60    0  0  0  0
2011-07-01T03:57:00Z    90.000   -0.04    5.15    5.02  278.28   -0.20    4.76    4.82  278.09    0.20    5.54    5.38  278.34    0.09    0.25    0.20    0.00  60    0  0  0  0
2011-07-01T03:58:00Z    90.000    0.00    5.60    5.58  278.14    0.00    5.54    5.38  278.09    0.20    5.87    5.60  278.24    0.03    0.12    0.07    0.16  60    0  0  0  0
2011-07-01T03:59:00Z    89.867    0.15    6.02    5.94  278.17    0.00    5.87    5.60  278.09    0.20    6.20    6.27  278.54    0.09    0.15    0.16    0.09  60    0  0  0  0
2011-07-01T04:00:00Z    89.734    0.20    6.33    6.31  278.31    0.20    6.20    6.16  278.24    0.20    6.64    6.72  278.54    0.00    0.20    0.12    0.37  60    0  0  0  0
2011-07-01T04:01:00Z    89.601    1.04    6.99    7.09  278.53    0.20    6.76    6.72  278.24    3.92    7.20    7.61  278.54    1.10    0.17    0.27    0.33  60    0  0  0  0
2011-07-01T04:02:00Z    89.467   10.28    7.49    8.06  278.54    4.02    7.20    7.61  278.54   17.55    7.86    8.73  278.54    4.06    0.15    0.37    0.33  60    0  0  0  0
2011-07-01T04:03:00Z    89.334   27.15    8.07    9.09  278.57   17.84    7.75    8.73  278.54   36.57    8.31    9.63  278.85    5.57    0.21    0.29    0.28  60    0  0  0  0
2011-07-01T04:04:00Z    89.199   46.21    8.61   10.08  278.55   36.86    8.31    9.63  278.54   54.80    8.86   10.41  278.85    5.39    0.15    0.29    0.31  60    0  0  0  0
2011-07-01T04:05:00Z    89.065   60.86    9.03   11.04  278.84   55.10    8.86   10.64  278.54   66.18    9.41   11.65  279.00    3.17    0.17    0.31    0.00  60    0  0  0  0
2011-07-01T04:06:00Z    88.930   71.28    9.60   11.95  278.85   66.37    9.41   11.65  278.59   76.37    9.97   12.43  279.00    2.93    0.18    0.25    0.00  60    0  0  0  0
2011-07-01T04:07:00Z    88.795   81.69   10.19   12.99  278.73   76.57    9.97   12.43  278.59   86.47   10.30   13.33  278.74    2.90    0.12    0.30    0.00  60    0  0  0  0
2011-07-01T04:08:00Z    88.659   90.92   10.72   14.00  278.75   86.67   10.30   13.33  278.74   95.29   10.96   14.67  279.05    2.56    0.18    0.35    0.09  60    0  0  0  0
2011-07-01T04:09:00Z    88.524   99.17   11.25   15.00  278.89   95.29   10.96   14.67  278.74  102.75   11.52   15.57  279.05    2.21    0.22    0.25    0.33  60    0  0  0  0
2011-07-01T04:10:00Z    88.387  106.93   11.75   16.04  279.05  102.94   11.52   15.57  279.05  111.08   11.96   16.57  279.05    2.37    0.20    0.34    0.29  60    0  0  0  0
2011-07-01T04:11:00Z    88.251  114.72   12.31   17.16  279.04  111.18   11.96   16.57  278.74  118.82   12.51   17.69  279.05    2.21    0.22    0.37    0.28  60    0  0  0  0
2011-07-01T04:12:00Z    88.114  122.35   12.90   18.12  279.04  118.82   12.51   17.69  278.74  125.78   13.18   18.59  279.05    2.16    0.21    0.29    0.29  60    0  0  0  0
2011-07-01T04:13:00Z    87.977  129.58   13.37   19.24  279.05  125.98   13.18   18.70  278.74  132.94   13.62   20.04  279.05    2.04    0.20    0.34    0.28  60    0  0  0  0
2011-07-01T04:14:00Z    87.840  136.87   14.01   20.46  279.20  133.14   13.62   19.82  279.05  140.98   14.29   20.94  279.31    2.33    0.20    0.34    0.18  60    0  0  0  0
2011-07-01T04:15:00Z    87.703  144.47   14.61   21.72  279.13  140.98   14.29   20.94  278.74  148.43   14.73   22.28  279.31    2.24    0.13    0.41    0.28  60    0  0  0  0
2011-07-01T04:16:00Z    87.565  152.28   15.07   23.04  279.05  148.43   14.73   22.28  279.05  156.08   15.39   23.74  279.05    2.27    0.23    0.46    0.29  60    0  0  0  0
2011-07-01T04:17:00Z    87.427  160.06   15.74   24.28  279.05  156.27   15.39   23.74  279.05  164.02   16.17   24.86  279.05    2.25    0.27    0.40    0.29  60    0  0  0  0
2011-07-01T04:18:00Z    87.288  168.77   16.31   25.70  279.12  164.22   16.17   25.08  279.05  173.43   16.72   26.32  279.35    2.73    0.14    0.41    0.33  60    0  0  0  0
2011-07-01T04:19:00Z    87.150  178.08   16.95   27.19  279.21  173.43   16.72   26.54  279.05  182.84   17.28   28.00  279.35    2.77    0.20    0.41    0.00  60    0  0  0  0
2011-07-01T04:20:00Z    87.011  186.88   17.54   28.67  279.34  183.04   17.28   27.88  279.05  190.49   17.83   29.56  279.35    2.18    0.13    0.46    0.00  60    0  0  0  0
2011-07-01T04:21:00Z    86.871  194.10   17.95   30.02  279.39  190.88   17.83   29.56  279.35  197.35   18.16   30.80  279.81    1.87    0.13    0.37    0.00  60    0  0  0  0
2011-07-01T04:22:00Z    86.732  200.25   18.57   31.42  279.69  197.35   18.16   30.80  279.35  203.33   18.94   32.14  279.81    1.66    0.20    0.38    0.00  60    0  0  0  0
2011-07-01T04:23:00Z    86.592  207.02   19.10   32.83  279.66  203.33   18.94   32.14  279.25  210.98   19.49   33.59  279.81    2.18    0.13    0.41    0.18  60    0  0  0  0
2011-07-01T04:24:00Z    86.452  214.68   19.72   34.36  279.56  211.37   19.49   33.59  279.55  217.84   20.16   35.27  279.71    2.01    0.17    0.45    0.00  60    0  0  0  0
2011-07-01T04:25:00Z    86.311  221.57   20.43   35.91  279.60  217.84   20.16   35.05  279.55  225.00   20.60   36.62  279.71    2.27    0.20    0.46    0.00  60    0  0  0  0
2011-07-01T04:26:00Z    86.171  229.06   20.90   37.53  279.72  225.29   20.60   36.62  279.55  232.45   21.26   38.41  280.01    2.28    0.23    0.49    0.13  60    0  0  0  0
2011-07-01T04:27:00Z    86.030  236.22   21.52   39.11  279.97  232.65   21.26   38.30  279.81  239.61   21.82   39.98  280.27    2.12    0.21    0.46    0.18  60    0  0  0  0
2011-07-01T04:28:00Z    85.889  243.47   22.12   40.77  280.18  240.00   21.82   39.98  279.81  246.47   22.37   41.55  280.27    2.04    0.14    0.53    0.00  60    0  0  0  0
2011-07-01T04:29:00Z    85.747  249.80   22.77   42.32  280.21  246.47   22.37   41.55  279.81  253.43   23.15   43.11  280.27    2.07    0.19    0.55    0.00  60    0  0  0  0
2011-07-01T04:30:00Z    85.605  257.13   23.39   44.20  280.24  253.73   23.15   43.11  279.96  260.88   23.48   45.13  280.27    2.23    0.12    0.55    0.00  60    0  0  0  0
2011-07-01T04:31:00Z    85.463  264.53   23.93   46.03  280.40  261.08   23.48   45.13  280.27  267.94   24.25   46.81  280.53    2.06    0.23    0.51    0.13  60    0  0  0  0
2011-07-01T04:32:00Z    85.321  271.17   24.54   47.47  280.53  267.75   24.25   47.03  280.53  274.71   25.03   47.59  280.53    1.99    0.23    0.19    0.16  60    0  0  0  0
2011-07-01T04:33:00Z    85.179  277.94   25.18   48.18  280.54  274.71   25.03   47.59  280.53  280.59   25.47   49.05  280.79    1.80    0.17    0.51    0.21  60    0  0  0  0
2011-07-01T04:34:00Z    85.036  283.62   25.77   50.59  280.79  280.59   25.47   49.05  280.79  286.76   26.02   52.52  280.79    1.72    0.20    0.99    0.00  60    0  0  0  0
2011-07-01T04:35:00Z    84.893  289.36   26.41   53.40  280.91  286.76   26.02   52.52  280.79  291.96   26.58   54.20  281.04    1.52    0.15    0.46    0.32  60    0  0  0  0
2011-07-01T04:36:00Z    84.749  294.61   26.98   55.09  281.04  292.16   26.80   54.20  281.04  296.67   27.13   55.88  281.04    1.46    0.15    0.53    0.23  60    0  0  0  0
2011-07-01T04:37:00Z    84.606  299.41   27.67   56.85  281.26  297.06   27.13   55.88  281.04  301.37   27.91   57.78  281.30    1.23    0.23    0.53    0.23  60    0  0  0  0
2011-07-01T04:38:00Z    84.462  303.91   28.20   58.65  281.37  301.37   27.91   57.78  281.30  305.59   28.68   59.46  281.55    1.24    0.28    0.56    0.00  60    0  0  0  0
2011-07-01T04:39:00Z    84.318  308.79   28.93   60.44  281.38  305.59   28.68   59.46  281.25  312.45   29.24   61.48  281.55    2.05    0.24    0.62    0.29  60    0  0  0  0
2011-07-01T04:40:00Z    84.174  315.21   29.40   62.40  281.44  312.45   29.24   61.48  281.10  317.55   29.57   63.27  281.55    1.58    0.16    0.54    0.00  60    0  0  0  0
2011-07-01T04:41:00Z    84.029  321.21   29.91   64.37  281.54  317.55   29.57   63.27  281.35  324.12   30.12   65.40  281.81    2.02    0.22    0.65    0.00  60    0  0  0  0
2011-07-01T04:42:00Z    83.884  325.23   30.61   66.11  281.73  324.12   30.12   65.40  281.51  326.47   30.90   66.85  282.06    0.56    0.26    0.48    0.00  60    0  0  0  0
2011-07-01T04:43:00Z    83.739  330.15   31.09   68.04  281.61  326.57   30.90   67.08  281.60  332.94   31.45   69.09  281.76    1.85    0.20    0.63    0.00  60    0  0  0  0
2011-07-01T04:44:00Z    83.594  337.07   31.72   70.26  281.68  333.43   31.45   69.09  281.60  339.90   32.00   71.33  281.86    1.91    0.20    0.65    0.09  60    0  0  0  0
2011-07-01T04:45:00Z    83.448  342.11   32.29   72.25  281.86  339.90   32.00   71.33  281.86  344.31   32.34   73.12  281.86    1.29    0.11    0.58    0.16  60    0  0  0  0
2011-07-01T04:46:00Z    83.302  346.11   32.80   74.16  281.88  344.31   32.34   73.12  281.86  348.04   33.00   75.25  282.12    1.15    0.19    0.59    0.21  60    0  0  0  0
2011-07-01T04:47:00Z    83.156  350.68   33.43   76.23  282.12  347.75   33.00   75.25  281.86  353.14   33.78   77.27  282.12    1.37    0.22    0.64    0.00  60    0  0  0  0
2011-07-01T04:48:00Z    83.010  355.45   34.10   78.28  282.12  353.14   33.78   77.27  282.12  357.84   34.55   79.28  282.12    1.53    0.24    0.66    0.00  60    0  0  0  0
2011-07-01T04:49:00Z    82.864  358.48   34.81   80.19  282.27  357.16   34.55   79.28  282.12  359.90   35.22   81.19  282.38    0.90    0.25    0.58    0.24  60    0  0  0  0
2011-07-01T04:50:00Z    82.717  359.85   35.36   81.93  282.37  359.41   35.22   81.19  282.08  360.29   35.66   82.64  282.38    0.13    0.19    0.44    0.24  60    0  0  0  0
2011-07-01T04:51:00Z    82.570  363.09   36.06   83.94  282.37  360.29   35.66   82.87  282.08  365.10   36.32   84.99  282.38    1.60    0.21    0.66    0.24  60    0  0  0  0
2011-07-01T04:52:00Z    82.423  366.89   36.79   86.03  282.61  365.10   36.54   84.99  282.38  368.82   37.32   87.12  282.64    1.12    0.16    0.61    0.23  60    0  0  0  0
2011-07-01T04:53:00Z    82.275  371.07   37.50   88.23  282.61  368.82   37.10   87.12  282.33  374.90   37.87   89.36  282.64    1.64    0.19    0.67    0.26  60    0  0  0  0
2011-07-01T04:54:00Z    82.127  376.06   38.11   90.33  282.45  374.90   37.87   89.36  282.33  378.14   38.21   91.38  282.90    1.22    0.16    0.60    0.26  60    0  0  0  0
2011-07-01T04:55:00Z    81.979  381.31   38.44   92.55  282.45  378.33   38.21   91.38  282.44  384.61   38.76   93.73  282.59    2.28    0.19    0.77    0.00  60    0  0  0  0
2011-07-01T04:56:00Z    81.831  386.66   38.98   94.75  282.31  384.51   38.76   93.73  282.13  389.22   39.09   95.86  282.59    1.56    0.11    0.66    0.00  60    0  0  0  0
2011-07-01T04:57:00Z    81.683  390.60   39.51   96.89  282.39  389.22   39.31   95.86  282.39  392.55   39.65   98.10  282.39    1.07    0.17    0.64    0.00  60    0  0  0  0
2011-07-01T04:58:00Z    81.534  394.06   40.10   99.12  282.40  392.94   39.65   98.10  282.39  395.39   40.42  100.22  282.64    0.79    0.30    0.66    0.00  60    0  0  0  0
2011-07-01T04:59:00Z    81.386  398.07   40.92  101.51  282.64  395.49   40.42  100.22  282.64  399.71   41.09  102.46  282.64    1.14    0.19    0.68    0.00  60    0  0  0  0
2011-07-01T05:00:00Z    81.237  401.44   41.55  103.76  282.64  398.73   41.31  102.46  282.64  404.02   41.86  104.93  282.64    1.41    0.22    0.73    0.00  60    0  0  0  0
2011-07-01T05:01:00Z    81.087  406.78   42.05  106.08  282.79  404.12   41.86  105.15  282.64  408.73   42.19  106.94  282.90    1.50    0.16    0.64    0.24  60    0  0  0  0
2011-07-01T05:02:00Z    80.938  410.17   42.56  108.01  282.90  408.33   42.19  106.94  282.90  413.24   42.64  109.41  282.90    1.16    0.15    0.58    0.18  60    0  0  0  0
2011-07-01T05:03:00Z    80.788  416.20   42.87  110.42  282.90  413.92   42.64  109.41  282.90  417.94   43.19  111.42  282.90    1.08    0.21    0.58    0.18  60    0  0  0  0
2011-07-01T05:04:00Z    80.638  419.98   43.52  112.54  282.96  417.16   43.30  111.42  282.90  422.35   44.08  113.44  283.16    1.74    0.22    0.66    0.18  60    0  0  0  0
2011-07-01T05:05:00Z    80.488  422.88   44.16  114.69  283.16  420.39   44.08  113.44  283.16  424.41   44.41  115.68  283.16    1.23    0.15    0.67    0.33  60    0  0  0  0
2011-07-01T05:06:00Z    80.338  427.06   44.75  117.01  283.31  423.33   44.41  115.68  283.16  430.10   44.96  118.25  283.42    2.13    0.14    0.83    0.18  60    0  0  0  0
2011-07-01T05:07:00Z    80.187  433.57   45.12  119.68  283.47  430.29   44.96  118.48  283.42  436.47   45.40  121.05  283.68    1.68    0.19    0.69    0.00  60    0  0  0  0
2011-07-01T05:08:00Z    80.037  439.98   45.56  122.36  283.63  437.25   45.40  121.05  283.37  442.06   45.74  123.52  283.68    1.56    0.10    0.77    0.00  60    0  0  0  0
2011-07-01T05:09:00Z    79.886  444.21   46.10  124.74  283.40  441.57   45.74  123.52  283.37  447.25   46.29  125.87  283.68    1.51    0.17    0.74    0.39  60    0  0  0  0
2011-07-01T05:10:00Z    79.735  446.79   46.54  126.78  283.62  445.59   46.29  125.87  283.37  449.12   46.84  127.88  283.94    1.04    0.15    0.61    0.23  60    0  0  0  0
2011-07-01T05:11:00Z    79.583  450.27   46.93  128.97  283.63  448.82   46.84  127.88  283.48  451.76   46.95  130.01  283.89    0.78    0.07    0.60    0.18  60    0  0  0  0
2011-07-01T05:12:00Z    79.432  453.63   47.39  131.20  283.85  451.96   46.95  130.01  283.74  455.49   47.73  132.36  283.89    0.97    0.24    0.69    0.13  60    0  0  0  0
2011-07-01T05:13:00Z    79.280  457.43   48.01  133.59  283.76  455.69   47.73  132.36  283.74  458.24   48.28  134.38  283.89    0.79    0.18    0.61    0.00  60    0  0  0  0
2011-07-01T05:14:00Z    79.128  459.67   48.58  135.76  284.07  458.63   48.28  134.60  283.74  460.88   49.06  136.62  284.45    0.50    0.21    0.64    0.33  60    0  0  0  0
2011-07-01T05:15:00Z    78.976  463.21   49.30  138.32  284.09  460.20   49.06  136.62  284.00  466.67   49.94  139.98  284.15    1.57    0.23    0.93    0.29  60    0  0  0  0
2011-07-01T05:16:00Z    78.824  466.80   49.95  140.89  284.10  465.10   49.94  139.98  284.00  469.02   50.17  142.22  284.41    1.08    0.06    0.60    0.16  60    0  0  0  0
2011-07-01T05:17:00Z    78.671  470.61   50.56  143.55  284.34  469.02   50.28  142.22  284.26  473.24   50.83  145.02  284.41    1.13    0.21    0.81    0.00  60    0  0  0  0
2011-07-01T05:18:00Z    78.519  475.33   51.16  146.33  284.36  474.02   50.83  145.24  284.26  476.76   51.38  147.59  284.41    0.66    0.22    0.62    0.00  60    0  0  0  0
2011-07-01T05:19:00Z    78.366  480.00   51.41  148.88  284.65  477.06   51.38  147.59  284.41  483.92   51.83  150.39  284.67    1.89    0.11    0.79    0.31  60    0  0  0  0
2011-07-01T05:20:00Z    78.213  485.39   51.85  151.46  284.53  483.92   51.83  150.39  284.51  486.37   52.16  152.41  284.67    0.54    0.08    0.55    0.23  60    0  0  0  0
2011-07-01T05:21:00Z    78.059  489.86   52.37  154.08  284.73  486.57   52.16  152.41  284.47  491.57   52.71  155.21  284.93    1.49    0.23    0.83    0.00  60    0  0  0  0
2011-07-01T05:22:00Z    77.906  493.17   52.85  156.55  284.79  491.27   52.71  155.21  284.77  495.49   53.05  157.78  284.93    1.07    0.14    0.74    0.00  60    0  0  0  0
2011-07-01T05:23:00Z    77.752  497.73   53.19  159.31  284.83  494.80   53.05  157.78  284.73  500.00   53.60  160.47  285.03    1.59    0.18    0.88    0.28  60    0  0  0  0
2011-07-01T05:24:00Z    77.599  503.07   53.85  162.25  285.12  500.20   53.60  160.58  284.73  505.10   54.37  163.72  285.44    1.71    0.26    0.91    0.13  60    0  0  0  0
2011-07-01T05:25:00Z    77.445  505.88   54.56  164.86  285.47  505.10   54.37  163.72  285.29  507.16   54.93  166.18  285.75    0.47    0.22    0.66    0.36  60    0  0  0  0
2011-07-01T05:26:00Z    77.290  508.95   55.35  167.56  285.48  506.86   54.93  166.18  285.24  510.10   55.81  168.98  285.75    1.17    0.26    0.84    0.18  60    0  0  0  0
2011-07-01T05:27:00Z    77.136  512.12   56.02  170.34  285.57  508.82   55.81  168.76  285.24  515.29   56.37  172.34  285.96    2.19    0.24    1.13    0.00  60    0  0  0  0
2011-07-01T05:28:00Z    76.981  516.08   56.97  173.48  285.61  514.80   56.59  172.34  285.50  516.76   57.25  174.69  285.81    0.57    0.27    0.78    0.24  60    0  0  0  0
2011-07-01T05:29:00Z    76.827  506.79   57.64  175.99  285.78  491.27   57.25  174.69  285.77  517.75   57.81  177.16  286.08    9.69    0.19    0.81    0.36  60    0  0  0  0
2011-07-01T05:30:00Z    76.672  490.30   58.19  179.14  286.02  488.82   57.81  177.27  285.73  493.53   58.36  180.63  286.34    1.19    0.13    1.04    0.13  60    0  0  0  0
2011-07-01T05:31:00Z    76.517  510.52   58.78  182.43  286.05  493.63   58.36  180.63  285.98  531.67   58.91  183.99  286.29   12.01    0.06    0.90    0.23  60    0  0  0  0
2011-07-01T05:32:00Z    76.362  533.85   59.19  185.08  286.05  530.39   58.80  183.65  285.83  537.55   59.47  187.01  286.29    1.91    0.16    0.97    0.00  60    0  0  0  0
2011-07-01T05:33:00Z    76.206  539.14   59.69  188.37  286.19  537.25   59.47  187.01  286.09  540.49   60.02  189.59  286.55    0.76    0.16    0.82    0.00  60    0  0  0  0
2011-07-01T05:34:00Z    76.051  541.86   60.17  190.96  286.41  540.49   60.02  189.59  286.24  543.04   60.35  192.16  286.50    0.78    0.13    0.72    0.26  60    0  0  0  0
2011-07-01T05:35:00Z    75.895  543.05   60.91  193.44  286.65  541.76   60.35  192.16  286.50  544.41   61.13  194.62  286.76    0.61    0.23    0.67    0.37  60    0  0  0  0
2011-07-01T05:36:00Z    75.739  545.70   61.51  196.14  286.62  544.22   61.13  194.74  286.26  547.35   61.68  197.54  286.87    0.86    0.19    0.79    0.38  60    0  0  0  0
2011-07-01T05:37:00Z    75.583  548.70   61.92  198.84  286.49  547.45   61.68  197.54  286.26  549.71   62.24  200.11  287.14    0.61    0.21    0.72    0.37  60    0  0  0  0
2011-07-01T05:38:00Z    75.427  552.16   62.43  201.65  286.99  549.61   62.24  200.11  286.83  553.53   62.57  202.91  287.14    1.25    0.13    0.85    0.13  60    0  0  0  0
2011-07-01T05:39:00Z    75.270  556.24   62.94  204.55  286.85  553.53   62.57  202.91  286.52  559.12   63.01  206.05  287.39    1.91    0.16    1.01    0.34  60    0  0  0  0
2011-07-01T05:40:00Z    75.114  559.55   63.10  207.08  286.97  558.04   63.01  206.05  286.63  562.25   63.12  208.51  287.39    1.29    0.00    0.81    0.21  60    0  0  0  0
2011-07-01T05:41:00Z    74.957  564.90   63.22  210.14  286.82  562.25   63.12  208.51  286.63  568.14   63.34  211.65  286.99    2.02    0.08    0.98    0.00  60    0  0  0  0
2011-07-01T05:42:00Z    74.800  568.67   63.55  212.86  286.93  567.75   63.34  211.65  286.84  570.98   63.68  214.45  287.30    1.13    0.14    0.79    0.16  60    0  0  0  0
2011-07-01T05:43:00Z    74.643  573.00   63.89  215.89  287.11  571.18   63.68  214.45  286.84  574.80   63.90  217.25  287.56    1.29    0.07    0.90    0.24  60    0  0  0  0
2011-07-01T05:44:00Z    74.486  574.14   64.31  218.09  287.16  573.33   63.90  217.25  287.10  574.90   64.67  219.26  287.25    0.00    0.23    0.67    0.00  60    0  0  0  0
2011-07-01T05:45:00Z    74.329  576.62   64.96  221.03  287.44  575.10   64.67  219.48  287.10  579.02   65.34  222.84  287.51    0.99    0.26    0.95    0.00  60    0  0  0  0
2011-07-01T05:46:00Z    74.172  578.83   65.90  223.93  287.54  577.65   65.34  222.62  287.36  581.08   66.33  225.76  287.63    0.99    0.27    0.89    0.32  60    0  0  0  0
2011-07-01T05:47:00Z    74.014  582.26   66.85  227.29  287.63  581.08   66.33  225.98  287.63  583.33   67.55  228.56  287.78    0.66    0.32    0.86    0.26  60    0  0  0  0
2011-07-01T05:48:00Z    73.856  582.84   68.27  230.40  287.88  581.08   67.55  228.56  287.63  585.10   68.99  232.47  287.89    1.24    0.52    1.21    0.00  60    0  0  0  0
2011-07-01T05:49:00Z    73.698  585.55   69.68  234.29  287.98  584.02   68.99  232.59  287.89  586.76   70.10  235.39  288.14    0.80    0.31    0.99    0.37  60    0  0  0  0
2011-07-01T05:50:00Z    73.540  583.88   70.71  236.46  288.15  577.06   70.10  234.71  288.14  589.41   71.76  238.75  288.40    3.99    0.44    1.08    0.36  60    0  0  0  0
2011-07-01T05:51:00Z    73.382  592.27   72.33  241.76  288.42  585.98   71.76  239.53  288.37  597.94   72.87  244.46  288.67    4.06    0.34    1.79    0.00  60    0  0  0  0
2011-07-01T05:52:00Z    73.224  598.30   73.16  245.86  288.09  595.69   72.87  244.46  288.06  601.27   73.42  247.70  288.37    1.65    0.25    1.10    0.00  60    0  0  0  0
2011-07-01T05:53:00Z    73.065  600.27   73.32  248.29  288.33  597.94   73.31  247.26  288.32  601.37   73.42  249.16  288.63    0.99    0.00    0.65    0.31  60    0  0  0  0
2011-07-01T05:54:00Z    72.907  599.81   72.83  249.17  288.41  596.67   72.31  248.82  288.12  601.86   73.31  249.72  288.58    1.24    0.26    0.13    0.23  60    0  0  0  0
2011-07-01T05:55:00Z    72.748  585.13   71.83  245.52  288.23  568.43   71.43  240.76  288.12  596.96   72.31  248.82  288.58    7.65    0.27    2.07    0.16  60    0  0  0  0
2011-07-01T05:56:00Z    72.589  563.07   71.25  240.00  288.33  552.65   71.10  237.40  288.08  567.75   71.43  241.21  288.65    3.44    0.11    0.88    0.13  60    0  0  0  0
2011-07-01T05:57:00Z    72.430  571.73   71.58  244.66  288.55  553.73   71.21  237.96  288.34  586.08   71.98  249.38  288.65    8.50    0.18    2.93    0.00  60    0  0  0  0
2011-07-01T05:58:00Z    72.271  574.32   71.56  246.88  288.66  511.47   71.10  227.77  288.34  612.94   71.98  259.13  288.92   32.80    0.34   10.14    0.40  60    0  0  0  0
2011-07-01T05:59:00Z    72.112  580.01   72.88  251.35  288.74  516.67   71.21  229.68  288.46  616.47   74.20  264.39  288.92   26.58    0.85    9.33    0.09  60    0  0  0  0
2011-07-01T06:00:00Z    71.952  619.29   75.01  267.01  288.77  608.24   74.20  262.15  288.46  623.33   75.64  269.20  288.87    4.55    0.50    2.25    0.24  60    0  0  0  0
2011-07-01T06:01:00Z    71.793  623.99   75.93  271.37  288.66  621.08   75.42  269.20  288.41  628.04   76.19  273.80  288.98    2.09    0.27    1.39    0.23  60    0  0  0  0
2011-07-01T06:02:00Z    71.633  590.19   73.41  260.80  288.82  302.45   67.88  164.84  288.67  651.08   75.42  281.41  289.13   92.35    2.34   31.21    0.13  60    0  0  0  0
2011-07-01T06:03:00Z    71.474  420.74   71.31  206.97  288.95  235.39   67.55  143.90  288.67  639.90   76.41  281.97  289.40  143.94    3.28   49.05    0.26  60    0  0  0  0
2011-07-01T06:04:00Z    71.314  637.36   76.99  282.22  288.94  634.31   76.52  281.30  288.94  645.29   77.08  283.99  288.94    3.27    0.16    0.71    0.18  60    0  0  0  0
2011-07-01T06:05:00Z    71.154  633.55   77.20  282.26  288.94  631.57   77.08  281.63  288.94  636.27   77.52  283.87  288.94    1.18    0.08    0.58    0.18  60    0  0  0  0
2011-07-01T06:06:00Z    70.993  636.87   77.13  284.86  289.13  632.75   77.08  282.87  288.94  640.69   77.52  287.01  289.20    2.43    0.09    1.26    0.23  60    0  0  0  0
2011-07-01T06:07:00Z    70.833  637.32   77.58  286.99  289.30  617.94   77.30  280.18  289.20  643.14   77.85  290.15  289.93    7.22    0.16    2.55    0.32  60    0  0  0  0
2011-07-01T06:08:00Z    70.673  644.89   78.35  292.07  289.47  643.14   77.85  290.37  289.47  646.57   78.74  293.73  289.47    1.16    0.33    0.77    0.00  60    0  0  0  0
2011-07-01T06:09:00Z    70.512  649.54   79.49  296.34  289.87  645.20   78.96  293.73  289.47  653.33   79.84  298.88  290.18    2.16    0.29    1.45    0.36  60    0  0  0  0
2011-07-01T06:10:00Z    70.352  653.18   80.46  300.14  290.08  651.76   79.84  298.88  289.73  654.22   81.17  301.12  290.45    0.71    0.35    0.64    0.32  60    0  0  0  0
2011-07-01T06:11:00Z    70.191  652.95   81.97  303.18  290.26  650.29   81.17  301.12  290.16  655.49   82.83  305.38  290.46    1.82    0.47    1.52    0.00  60    0  0  0  0
2011-07-01T06:12:00Z    70.030  653.99   83.49  306.93  290.40  652.35   82.83  305.15  290.16  657.25   84.27  309.63  290.73    1.06    0.48    1.27    0.29  60    0  0  0  0
2011-07-01T06:13:00Z    69.869  655.31   85.00  310.68  290.70  646.08   84.27  308.73  290.27  658.92   85.71  312.21  290.99    4.19    0.37    0.98    0.00  60    0  0  0  0
2011-07-01T06:14:00Z    69.708  639.16   86.43  308.29  290.87  630.29   85.71  306.27  290.53  647.45   87.38  310.75  291.07    6.42    0.42    1.43    0.18  60    0  0  0  0
2011-07-01T06:15:00Z    69.547  636.95   88.00  310.94  291.15  631.08   87.38  307.84  291.02  643.43   88.26  314.33  291.33    3.99    0.32    2.21    0.00  60    0  0  0  0
2011-07-01T06:16:00Z    69.386  582.04   87.63  293.29  291.25  523.82   86.60  272.12  291.14  632.55   88.26  310.75  291.33   34.26    0.43   12.10    0.39  60    0  0  0  0
2011-07-01T06:17:00Z    69.224  567.97   87.77  290.65  291.02  498.33   86.60  264.73  290.83  598.43   88.26  302.91  291.40   34.35    0.57   12.83    0.18  60    0  0  0  0
2011-07-01T06:18:00Z    69.063  507.36   87.75  270.33  291.12  438.92   86.82  245.35  291.09  595.69   89.59  301.79  291.36   53.32    0.77   19.41    0.33  60    0  0  0  0
2011-07-01T06:19:00Z    68.901  550.78   89.96  289.53  291.01  499.90   88.82  269.20  290.90  584.61   90.70  302.24  291.36   25.96    0.56    9.92    0.32  60    0  0  0  0
2011-07-01T06:20:00Z    68.740  580.84   90.83  302.65  290.92  556.47   90.37  293.84  290.90  605.69   91.03  311.53  291.36   16.76    0.20    5.84    0.16  60    0  0  0  0
2011-07-01T06:21:00Z    68.578  591.78   91.23  308.54  291.39  558.53   90.48  295.18  290.90  611.18   91.81  316.69  291.63   19.31    0.41    7.86    0.00  60    0  0  0  0
2011-07-01T06:22:00Z    68.416  604.76   91.79  315.49  291.17  560.49   91.03  298.10  291.17  635.59   92.14  328.22  291.17   22.84    0.37    9.21    0.00  60    0  0  0  0
2011-07-01T06:23:00Z    68.254  624.65   90.98  324.18  291.22  589.31   89.26  310.41  291.17  645.88   92.14  332.70  291.43   16.38    0.88    6.40    0.16  60    0  0  0  0
2011-07-01T06:24:00Z    68.092  566.45   87.98  301.49  291.38  539.02   87.38  291.04  290.82  597.75   89.26  314.11  291.58   14.72    0.48    5.71    0.00  60    0  0  0  0
2011-07-01T06:25:00Z    67.930  566.60   86.35  301.82  291.32  476.18   84.61  266.74  290.82  636.08   87.60  329.34  291.70   47.47    1.04   18.54    0.13  60    0  0  0  0
2011-07-01T06:26:00Z    67.768  513.12   84.51  281.48  291.31  477.25   83.72  267.53  291.09  534.22   85.16  289.81  291.97   14.37    0.42    5.67    0.36  60    0  0  0  0
2011-07-01T06:27:00Z    67.605  511.31   83.86  281.27  291.51  488.73   83.72  271.78  291.36  530.88   84.27  289.81  291.97   10.90    0.17    4.57    0.24  60    0  0  0  0
2011-07-01T06:28:00Z    67.443  521.94   84.65  286.69  291.41  440.88   83.72  254.54  291.36  604.02   85.49  319.26  291.97   49.36    0.56   19.51    0.18  60    0  0  0  0
2011-07-01T06:29:00Z    67.281  604.03   87.30  321.99  291.56  514.22   85.16  284.55  291.16  679.61   88.70  353.19  291.61   48.55    1.05   20.12    0.26  60    0  0  0  0
2011-07-01T06:30:00Z    67.118  693.81   89.00  359.69  291.46  681.76   88.70  354.20  291.16  698.04   89.04  361.81  291.83    4.25    0.08    1.89    0.29  60    0  0  0  0
2011-07-01T06:31:00Z    66.955  694.50   89.35  361.57  291.83  682.84   88.82  356.22  291.83  699.02   89.59  364.73  291.83    5.41    0.23    2.73    0.09  60    0  0  0  0
2011-07-01T06:32:00Z    66.792  700.74   89.59  366.01  291.97  698.04   89.59  364.17  291.83  703.92   89.59  368.09  292.09    1.45    0.08    1.19    0.00  60    0  0  0  0
2011-07-01T06:33:00Z    66.630  694.40   89.91  365.61  292.28  684.80   89.59  361.03  292.09  702.94   90.37  368.42  292.63    5.05    0.27    2.28    0.31  60    0  0  0  0
2011-07-01T06:34:00Z    66.467  675.77   89.13  360.08  292.77  621.76   87.93  338.63  292.63  700.00   89.92  369.43  293.20   24.62    0.66    9.71    0.33  60    0  0  0  0
2011-07-01T06:35:00Z    66.304  600.87   87.39  330.84  293.21  548.33   86.60  309.63  292.90  648.43   87.93  350.84  293.43   27.81    0.53   11.38    0.16  60    0  0  0  0
2011-07-01T06:36:00Z    66.141  508.55   84.35  293.22  293.07  239.51   80.73  180.07  292.66  616.57   86.49  339.53  293.27   95.69    1.67   40.68    0.21  60    0  0  0  0
2011-07-01T06:37:00Z    65.978  494.60   86.23  290.66  293.23  219.02   80.73  172.79  293.05  599.80   89.04  336.73  293.51  110.91    2.11   47.22    0.29  60    0  0  0  0
2011-07-01T06:38:00Z    65.814  601.93   90.12  338.66  293.29  501.96   88.82  296.30  293.05  663.53   91.25  365.51  293.47   44.97    0.84   19.26    0.09  60    0  0  0  0
2011-07-01T06:39:00Z    65.651  675.67   92.20  372.13  293.54  590.59   91.03  336.73  293.27  701.96   93.02  383.09  293.57   36.86    0.43   15.40    0.31  60    0  0  0  0
2011-07-01T06:40:00Z    65.488  695.62   93.79  383.19  293.66  691.18   93.02  381.41  293.23  700.00   94.13  384.99  293.84    2.62    0.29    0.94    0.00  60    0  0  0  0
2011-07-01T06:41:00Z    65.324  691.80   94.52  384.03  293.99  680.20   94.13  378.84  293.84  698.04   95.46  386.11  294.33    5.34    0.43    1.92    0.23  60    0  0  0  0
2011-07-01T06:42:00Z    65.161  696.30   96.30  389.06  294.35  684.90   95.46  382.75  293.99  711.76   97.12  396.98  294.60    8.63    0.61    4.55    0.26  60    0  0  0  0
2011-07-01T06:43:00Z    64.997  711.63   97.80  398.58  293.90  709.80   97.23  396.64  293.60  715.69   98.34  401.68  294.25    1.78    0.40    1.65    0.26  60    0  0  0  0
2011-07-01T06:44:00Z    64.834  712.60   98.69  401.92  293.99  707.84   98.34  400.78  293.56  716.67   99.11  403.14  294.33    3.00    0.27    0.77    0.24  60    0  0  0  0
2011-07-01T06:45:00Z    64.670  709.81   98.36  402.77  294.20  672.25   96.57  386.23  293.79  720.59   99.11  407.84  294.59   12.37    0.76    5.48    0.21  60    0  0  0  0
2011-07-01T06:46:00Z    64.506  563.72   94.91  338.99  294.42  524.51   94.13  321.05  294.10  669.71   96.57  385.33  294.86   44.84    0.67   19.31    0.24  60    0  0  0  0
2011-07-01T06:47:00Z    64.342  555.06   95.48  338.94  294.46  473.82   93.80  302.13  294.10  574.90   96.23  347.82  294.67   21.01    0.68    9.58    0.26  60    0  0  0  0
2011-07-01T06:48:00Z    64.178  545.74   98.44  338.86  294.75  377.65   93.24  260.58  294.37  691.18  102.77  406.16  295.13  116.65    3.46   54.31    0.29  60    0  0  0  0
2011-07-01T06:49:00Z    64.014  663.87  102.93  395.27  295.36  632.94  102.77  382.19  294.83  685.10  103.32  404.26  295.86   17.51    0.23    7.48    0.00  60    0  0  0  0
2011-07-01T06:50:00Z    63.850  632.00  103.79  383.63  294.83  607.45  102.77  372.68  293.84  660.59  105.32  398.66  295.71   14.97    0.81    7.42    0.50  60    0  0  0  0
2011-07-01T06:51:00Z    63.686  643.87  106.14  393.31  294.21  617.16  105.32  381.08  293.84  663.92  107.20  404.03  294.67   15.99    0.62    7.43    0.38  60    0  0  0  0
2011-07-01T06:52:00Z    63.522  595.78  106.82  374.49  294.41  519.71  106.31  340.54  294.36  646.57  107.20  396.08  294.67   33.35    0.29   14.88    0.24  60    0  0  0  0
2011-07-01T06:53:00Z    63.358  594.80  109.29  378.24  294.46  536.27  106.64  348.94  294.36  654.22  111.63  407.17  294.93   36.63    1.53   18.14    0.18  60    0  0  0  0
2011-07-01T06:54:00Z    63.194  683.40  113.28  423.12  294.93  625.10  111.63  395.18  294.67  706.86  113.95  434.15  295.39   17.69    0.61    8.35    0.00  60    0  0  0  0
2011-07-01T06:55:00Z    63.030  676.72  114.65  422.71  294.93  662.16  113.95  417.58  294.93  683.43  115.50  425.20  295.09    4.40    0.50    1.75    0.00  60    0  0  0  0
2011-07-01T06:56:00Z    62.866  632.20  113.41  404.99  295.08  382.65  108.64  285.78  294.93  675.98  115.28  426.54  295.39   73.86    1.97   35.59    0.31  60    0  0  0  0
2011-07-01T06:57:00Z    62.701  583.84  115.15  386.03  295.67  337.35  108.64  266.18  295.09  709.80  119.16  445.80  296.16  145.97    3.73   70.62    0.45  60    0  0  0  0
2011-07-01T06:58:00Z    62.537  683.81  119.43  435.99  295.55  655.20  119.16  422.96  295.36  699.02  119.82  442.89  295.97   13.59    0.20    6.06    0.00  60    0  0  0  0
2011-07-01T06:59:00Z    62.372  663.66  119.40  428.54  296.24  650.49  119.16  422.84  295.36  677.06  119.49  434.83  296.69    9.16    0.07    4.04    0.48  60    0  0  0  0
2011-07-01T07:00:00Z    62.208  654.11  119.49  425.70  296.67  651.96  119.49  424.64  296.39  656.18  119.49  426.54  296.69    1.57    0.00    0.65    0.14  13    0  0  0  0
